0 0
0 1
0 2
0 3
0 4
0 5
0 7
9 0
9 1
9 2
9 3
9 4
9 5
9 7
38 0
38 1
38 2
38 3
38 4
38 5
38 7
2 0
2 1
2 2
2 3
2 4
2 5
2 7
36 0
36 1
36 2
36 3
36 4
36 5
36 7
29 0
29 1
29 2
29 3
29 4
29 5
29 7
4 0
4 1
4 2
4 3
4 4
4 5
4 7
27 0
27 1
27 2
27 3
27 4
27 5
27 7
20 0
20 1
20 2
20 3
20 4
20 5
20 7
6 0
6 1
6 2
6 3
6 4
6 5
6 7
18 0
18 1
18 2
18 3
18 4
18 5
18 7
11 0
11 1
11 2
11 3
11 4
11 5
11 7
45 0
45 1
45 2
45 3
45 4
45 5
45 7
13 0
13 1
13 2
13 3
13 4
13 5
13 7
24 0
24 1
24 2
24 3
24 4
24 5
24 7
47 0
47 1
47 2
47 3
47 4
47 7
22 0
22 1
22 2
22 3
22 4
22 5
22 7
33 0
33 1
33 2
33 3
33 4
33 5
33 7
51 0
51 1
51 2
51 3
51 4
51 5
51 7
40 0
40 1
40 2
40 3
40 4
40 5
40 7
15 0
15 1
15 2
15 3
15 4
15 5
15 7
0 11
9 11
38 11
2 11
36 11
29 11
4 11
27 11
20 11
6 11
18 11
11 11
51 11
40 11
15 11
47 11
22 11
33 11
45 11
13 11
24 11