0 0
0 1
0 2
0 3
0 4
0 5
0 6
9 0
9 1
9 2
9 3
9 4
9 5
9 6
38 0
38 1
38 2
38 3
38 4
38 5
38 6
2 0
2 1
2 2
2 3
2 4
2 5
2 6
36 0
36 1
36 2
36 3
36 4
36 5
36 6
29 0
29 1
29 2
29 3
29 4
29 5
29 6
4 0
4 1
4 2
4 3
4 4
4 5
4 6
27 0
27 1
27 2
27 3
27 4
27 5
27 6
20 0
20 1
20 2
20 3
20 4
20 5
20 6
6 0
6 1
6 2
6 3
6 4
6 5
6 6
18 0
18 1
18 2
18 3
18 4
18 5
18 6
11 0
11 1
11 2
11 3
11 4
11 5
11 6
45 0
45 1
45 2
45 3
45 5
45 6
13 0
13 1
13 2
13 3
13 4
13 5
13 6
24 0
24 1
24 2
24 3
24 4
24 5
24 6
47 0
47 1
47 2
47 3
47 4
47 5
47 6
22 0
22 1
22 2
22 3
22 4
22 5
22 6
33 0
33 1
33 2
33 3
33 4
33 5
33 6
49 0
49 1
49 2
49 3
49 4
49 5
49 6
31 0
31 1
31 2
31 3
31 4
31 5
31 6
42 0
42 1
42 2
42 3
42 4
42 5
42 6
0 9
9 9
38 9
2 9
36 9
29 9
4 9
27 9
20 9
6 9
18 9
11 9
45 9
13 9
24 9
47 9
22 9
33 9
49 9
31 9
42 9