0 0
0 1
0 2
0 3
0 4
0 6
0 7
0 11
9 0
9 1
9 2
9 3
9 4
9 6
9 7
9 11
38 0
38 1
38 2
38 3
38 4
38 6
38 7
38 11
2 0
2 1
2 2
2 3
2 4
2 6
2 7
2 11
36 0
36 1
36 2
36 3
36 4
36 6
36 7
36 11
29 0
29 1
29 2
29 3
29 4
29 6
29 7
29 11
4 0
4 1
4 2
4 3
4 4
4 6
4 7
4 11
27 0
27 1
27 2
27 3
27 4
27 6
27 7
27 11
20 0
20 1
20 2
20 3
20 4
20 6
20 7
20 11
6 0
6 1
6 2
6 3
6 4
6 6
6 7
6 11
18 0
18 1
18 2
18 3
18 4
18 6
18 7
18 11
11 0
11 1
11 2
11 3
11 4
11 6
11 7
11 11
45 0
45 1
45 2
45 3
45 4
45 6
45 7
45 11
13 0
13 1
13 2
13 3
13 4
13 6
13 7
13 11
24 0
24 1
24 2
24 3
24 4
24 6
24 7
24 11
49 0
49 1
49 2
49 3
49 4
49 7
49 11
31 0
31 1
31 2
31 3
31 4
31 6
31 7
31 11
42 0
42 1
42 2
42 3
42 4
42 6
42 7
42 11
51 0
51 1
51 2
51 3
51 4
51 6
51 7
51 11
40 0
40 1
40 2
40 3
40 4
40 6
40 7
40 11
15 0
15 1
15 2
15 3
15 4
15 6
15 7
15 11