0 0 1
0 0 2
0 0 3
0 0 4
0 0 5
0 0 6
0 0 7
0 0 9
0 0 11
0 1 0
0 1 2
0 1 3
0 1 4
0 1 5
0 1 6
0 1 7
0 1 9
0 1 11
0 2 0
0 2 1
0 2 3
0 2 4
0 2 5
0 2 6
0 2 7
0 2 9
0 2 11
0 3 0
0 3 1
0 3 2
0 3 4
0 3 5
0 3 6
0 3 7
0 3 9
0 3 11
0 4 0
0 4 1
0 4 2
0 4 3
0 4 5
0 4 6
0 4 7
0 4 9
0 4 11
0 5 0
0 5 1
0 5 2
0 5 3
0 5 4
0 5 6
0 5 7
0 5 9
0 5 11
0 6 0
0 6 1
0 6 2
0 6 3
0 6 4
0 6 5
0 6 7
0 6 9
0 6 11
0 7 0
0 7 1
0 7 2
0 7 3
0 7 4
0 7 5
0 7 6
0 7 9
0 7 11
0 9 0
0 9 1
0 9 2
0 9 3
0 9 4
0 9 5
0 9 6
0 9 7
0 9 11
0 11 0
0 11 1
0 11 2
0 11 3
0 11 4
0 11 5
0 11 6
0 11 7
0 11 9
9 0 1
9 0 2
9 0 3
9 0 4
9 0 5
9 0 6
9 0 7
9 0 9
9 0 11
9 1 0
9 1 2
9 1 3
9 1 4
9 1 5
9 1 6
9 1 7
9 1 9
9 1 11
9 2 0
9 2 1
9 2 3
9 2 4
9 2 5
9 2 6
9 2 7
9 2 9
9 2 11
9 3 0
9 3 1
9 3 2
9 3 4
9 3 5
9 3 6
9 3 7
9 3 9
9 3 11
9 4 0
9 4 1
9 4 2
9 4 3
9 4 5
9 4 6
9 4 7
9 4 9
9 4 11
9 5 0
9 5 1
9 5 2
9 5 3
9 5 4
9 5 6
9 5 7
9 5 9
9 5 11
9 6 0
9 6 1
9 6 2
9 6 3
9 6 4
9 6 5
9 6 7
9 6 9
9 6 11
9 7 0
9 7 1
9 7 2
9 7 3
9 7 4
9 7 5
9 7 6
9 7 9
9 7 11
9 9 0
9 9 1
9 9 2
9 9 3
9 9 4
9 9 5
9 9 6
9 9 7
9 9 11
9 11 0
9 11 1
9 11 2
9 11 3
9 11 4
9 11 5
9 11 6
9 11 7
9 11 9
38 0 1
38 0 2
38 0 3
38 0 4
38 0 5
38 0 6
38 0 7
38 0 9
38 0 11
38 1 0
38 1 2
38 1 3
38 1 4
38 1 5
38 1 6
38 1 7
38 1 9
38 1 11
38 2 0
38 2 1
38 2 3
38 2 4
38 2 5
38 2 6
38 2 7
38 2 9
38 2 11
38 3 0
38 3 1
38 3 2
38 3 4
38 3 5
38 3 6
38 3 7
38 3 9
38 3 11
38 4 0
38 4 1
38 4 2
38 4 3
38 4 5
38 4 6
38 4 7
38 4 9
38 4 11
38 5 0
38 5 1
38 5 2
38 5 3
38 5 4
38 5 6
38 5 7
38 5 9
38 5 11
38 6 0
38 6 1
38 6 2
38 6 3
38 6 4
38 6 5
38 6 7
38 6 9
38 6 11
38 7 0
38 7 1
38 7 2
38 7 3
38 7 4
38 7 5
38 7 6
38 7 9
38 7 11
38 9 0
38 9 1
38 9 2
38 9 3
38 9 4
38 9 5
38 9 6
38 9 7
38 9 11
38 11 0
38 11 1
38 11 2
38 11 3
38 11 4
38 11 5
38 11 6
38 11 7
38 11 9
2 0 1
2 0 2
2 0 3
2 0 4
2 0 5
2 0 6
2 0 7
2 0 9
2 0 11
2 1 0
2 1 2
2 1 3
2 1 4
2 1 5
2 1 6
2 1 7
2 1 9
2 1 11
2 2 0
2 2 1
2 2 3
2 2 4
2 2 5
2 2 6
2 2 7
2 2 9
2 2 11
2 3 0
2 3 1
2 3 2
2 3 4
2 3 5
2 3 6
2 3 7
2 3 9
2 3 11
2 4 0
2 4 1
2 4 2
2 4 3
2 4 5
2 4 6
2 4 7
2 4 9
2 4 11
2 5 0
2 5 1
2 5 2
2 5 3
2 5 4
2 5 6
2 5 7
2 5 9
2 5 11
2 6 0
2 6 1
2 6 2
2 6 3
2 6 4
2 6 5
2 6 7
2 6 9
2 6 11
2 7 0
2 7 1
2 7 2
2 7 3
2 7 4
2 7 5
2 7 6
2 7 9
2 7 11
2 9 0
2 9 1
2 9 2
2 9 3
2 9 4
2 9 5
2 9 6
2 9 7
2 9 11
2 11 0
2 11 1
2 11 2
2 11 3
2 11 4
2 11 5
2 11 6
2 11 7
2 11 9
36 0 1
36 0 2
36 0 3
36 0 4
36 0 5
36 0 6
36 0 7
36 0 9
36 0 11
36 1 0
36 1 2
36 1 3
36 1 4
36 1 5
36 1 6
36 1 7
36 1 9
36 1 11
36 2 0
36 2 1
36 2 3
36 2 4
36 2 5
36 2 6
36 2 7
36 2 9
36 2 11
36 3 0
36 3 1
36 3 2
36 3 4
36 3 5
36 3 6
36 3 7
36 3 9
36 3 11
36 4 0
36 4 1
36 4 2
36 4 3
36 4 5
36 4 6
36 4 7
36 4 9
36 4 11
36 5 0
36 5 1
36 5 2
36 5 3
36 5 4
36 5 6
36 5 7
36 5 9
36 5 11
36 6 0
36 6 1
36 6 2
36 6 3
36 6 4
36 6 5
36 6 7
36 6 9
36 6 11
36 7 0
36 7 1
36 7 2
36 7 3
36 7 4
36 7 5
36 7 6
36 7 9
36 7 11
36 9 0
36 9 1
36 9 2
36 9 3
36 9 4
36 9 5
36 9 6
36 9 7
36 9 11
36 11 0
36 11 1
36 11 2
36 11 3
36 11 4
36 11 5
36 11 6
36 11 7
36 11 9
29 0 1
29 0 2
29 0 3
29 0 4
29 0 5
29 0 6
29 0 7
29 0 9
29 0 11
29 1 0
29 1 2
29 1 3
29 1 4
29 1 5
29 1 6
29 1 7
29 1 9
29 1 11
29 2 0
29 2 1
29 2 3
29 2 4
29 2 5
29 2 6
29 2 7
29 2 9
29 2 11
29 3 0
29 3 1
29 3 2
29 3 4
29 3 5
29 3 6
29 3 7
29 3 9
29 3 11
29 4 0
29 4 1
29 4 2
29 4 3
29 4 5
29 4 6
29 4 7
29 4 9
29 4 11
29 5 0
29 5 1
29 5 2
29 5 3
29 5 4
29 5 6
29 5 7
29 5 9
29 5 11
29 6 0
29 6 1
29 6 2
29 6 3
29 6 4
29 6 5
29 6 7
29 6 9
29 6 11
29 7 0
29 7 1
29 7 2
29 7 3
29 7 4
29 7 5
29 7 6
29 7 9
29 7 11
29 9 0
29 9 1
29 9 2
29 9 3
29 9 4
29 9 5
29 9 6
29 9 7
29 9 11
29 11 0
29 11 1
29 11 2
29 11 3
29 11 4
29 11 5
29 11 6
29 11 7
29 11 9
4 0 1
4 0 2
4 0 3
4 0 4
4 0 5
4 0 6
4 0 7
4 0 9
4 0 11
4 1 0
4 1 2
4 1 3
4 1 4
4 1 5
4 1 6
4 1 7
4 1 9
4 1 11
4 2 0
4 2 1
4 2 3
4 2 4
4 2 5
4 2 6
4 2 7
4 2 9
4 2 11
4 3 0
4 3 1
4 3 2
4 3 4
4 3 5
4 3 6
4 3 7
4 3 9
4 3 11
4 4 0
4 4 1
4 4 2
4 4 3
4 4 5
4 4 6
4 4 7
4 4 9
4 4 11
4 5 0
4 5 1
4 5 2
4 5 3
4 5 4
4 5 6
4 5 7
4 5 9
4 5 11
4 6 0
4 6 1
4 6 2
4 6 3
4 6 4
4 6 5
4 6 7
4 6 9
4 6 11
4 7 0
4 7 1
4 7 2
4 7 3
4 7 4
4 7 5
4 7 6
4 7 9
4 7 11
4 9 0
4 9 1
4 9 2
4 9 3
4 9 4
4 9 5
4 9 6
4 9 7
4 9 11
4 11 0
4 11 1
4 11 2
4 11 3
4 11 4
4 11 5
4 11 6
4 11 7
4 11 9
27 0 1
27 0 2
27 0 3
27 0 4
27 0 5
27 0 6
27 0 7
27 0 9
27 0 11
27 1 0
27 1 2
27 1 3
27 1 4
27 1 5
27 1 6
27 1 7
27 1 9
27 1 11
27 2 0
27 2 1
27 2 3
27 2 4
27 2 5
27 2 6
27 2 7
27 2 9
27 2 11
27 3 0
27 3 1
27 3 2
27 3 4
27 3 5
27 3 6
27 3 7
27 3 9
27 3 11
27 4 0
27 4 1
27 4 2
27 4 3
27 4 5
27 4 6
27 4 7
27 4 9
27 4 11
27 5 0
27 5 1
27 5 2
27 5 3
27 5 4
27 5 6
27 5 7
27 5 9
27 5 11
27 6 0
27 6 1
27 6 2
27 6 3
27 6 4
27 6 5
27 6 7
27 6 9
27 6 11
27 7 0
27 7 1
27 7 2
27 7 3
27 7 4
27 7 5
27 7 6
27 7 9
27 7 11
27 9 0
27 9 1
27 9 2
27 9 3
27 9 4
27 9 5
27 9 6
27 9 7
27 9 11
27 11 0
27 11 1
27 11 2
27 11 3
27 11 4
27 11 5
27 11 6
27 11 7
27 11 9
20 0 1
20 0 2
20 0 3
20 0 4
20 0 5
20 0 6
20 0 7
20 0 9
20 0 11
20 1 0
20 1 2
20 1 3
20 1 4
20 1 5
20 1 6
20 1 7
20 1 9
20 1 11
20 2 0
20 2 1
20 2 3
20 2 4
20 2 5
20 2 6
20 2 7
20 2 9
20 2 11
20 3 0
20 3 1
20 3 2
20 3 4
20 3 5
20 3 6
20 3 7
20 3 9
20 3 11
20 4 0
20 4 1
20 4 2
20 4 3
20 4 5
20 4 6
20 4 7
20 4 9
20 4 11
20 5 0
20 5 1
20 5 2
20 5 3
20 5 4
20 5 6
20 5 7
20 5 9
20 5 11
20 6 0
20 6 1
20 6 2
20 6 3
20 6 4
20 6 5
20 6 7
20 6 9
20 6 11
20 7 0
20 7 1
20 7 2
20 7 3
20 7 4
20 7 5
20 7 6
20 7 9
20 7 11
20 9 0
20 9 1
20 9 2
20 9 3
20 9 4
20 9 5
20 9 6
20 9 7
20 9 11
20 11 0
20 11 1
20 11 2
20 11 3
20 11 4
20 11 5
20 11 6
20 11 7
20 11 9
6 0 1
6 0 2
6 0 3
6 0 4
6 0 5
6 0 6
6 0 7
6 0 9
6 0 11
6 1 0
6 1 2
6 1 3
6 1 4
6 1 5
6 1 6
6 1 7
6 1 9
6 1 11
6 2 0
6 2 1
6 2 3
6 2 4
6 2 5
6 2 6
6 2 7
6 2 9
6 2 11
6 3 0
6 3 1
6 3 2
6 3 4
6 3 5
6 3 6
6 3 7
6 3 9
6 3 11
6 4 0
6 4 1
6 4 2
6 4 3
6 4 5
6 4 6
6 4 7
6 4 9
6 4 11
6 5 0
6 5 1
6 5 2
6 5 3
6 5 4
6 5 6
6 5 7
6 5 9
6 5 11
6 6 0
6 6 1
6 6 2
6 6 3
6 6 4
6 6 5
6 6 7
6 6 9
6 6 11
6 7 0
6 7 1
6 7 2
6 7 3
6 7 4
6 7 5
6 7 6
6 7 9
6 7 11
6 9 0
6 9 1
6 9 2
6 9 3
6 9 4
6 9 5
6 9 6
6 9 7
6 9 11
6 11 0
6 11 1
6 11 2
6 11 3
6 11 4
6 11 5
6 11 6
6 11 7
6 11 9
18 0 1
18 0 2
18 0 3
18 0 4
18 0 5
18 0 6
18 0 7
18 0 9
18 0 11
18 1 0
18 1 2
18 1 3
18 1 4
18 1 5
18 1 6
18 1 7
18 1 9
18 1 11
18 2 0
18 2 1
18 2 3
18 2 4
18 2 5
18 2 6
18 2 7
18 2 9
18 2 11
18 3 0
18 3 1
18 3 2
18 3 4
18 3 5
18 3 6
18 3 7
18 3 9
18 3 11
18 4 0
18 4 1
18 4 2
18 4 3
18 4 5
18 4 6
18 4 7
18 4 9
18 4 11
18 5 0
18 5 1
18 5 2
18 5 3
18 5 4
18 5 6
18 5 7
18 5 9
18 5 11
18 6 0
18 6 1
18 6 2
18 6 3
18 6 4
18 6 5
18 6 7
18 6 9
18 6 11
18 7 0
18 7 1
18 7 2
18 7 3
18 7 4
18 7 5
18 7 6
18 7 9
18 7 11
18 9 0
18 9 1
18 9 2
18 9 3
18 9 4
18 9 5
18 9 6
18 9 7
18 9 11
18 11 0
18 11 1
18 11 2
18 11 3
18 11 4
18 11 5
18 11 6
18 11 7
18 11 9
11 0 1
11 0 2
11 0 3
11 0 4
11 0 5
11 0 6
11 0 7
11 0 9
11 0 11
11 1 0
11 1 2
11 1 3
11 1 4
11 1 5
11 1 6
11 1 7
11 1 9
11 1 11
11 2 0
11 2 1
11 2 3
11 2 4
11 2 5
11 2 6
11 2 7
11 2 9
11 2 11
11 3 0
11 3 1
11 3 2
11 3 4
11 3 5
11 3 6
11 3 7
11 3 9
11 3 11
11 4 0
11 4 1
11 4 2
11 4 3
11 4 5
11 4 6
11 4 7
11 4 9
11 4 11
11 5 0
11 5 1
11 5 2
11 5 3
11 5 4
11 5 6
11 5 7
11 5 9
11 5 11
11 6 0
11 6 1
11 6 2
11 6 3
11 6 4
11 6 5
11 6 7
11 6 9
11 6 11
11 7 0
11 7 1
11 7 2
11 7 3
11 7 4
11 7 5
11 7 6
11 7 9
11 7 11
11 9 0
11 9 1
11 9 2
11 9 3
11 9 4
11 9 5
11 9 6
11 9 7
11 9 11
11 11 0
11 11 1
11 11 2
11 11 3
11 11 4
11 11 5
11 11 6
11 11 7
11 11 9
45 0 1
45 0 2
45 0 3
45 0 4
45 0 5
45 0 6
45 0 7
45 0 9
45 0 11
45 1 0
45 1 2
45 1 3
45 1 4
45 1 5
45 1 6
45 1 7
45 1 9
45 1 11
45 2 0
45 2 1
45 2 3
45 2 4
45 2 5
45 2 6
45 2 7
45 2 9
45 2 11
45 3 0
45 3 1
45 3 2
45 3 4
45 3 5
45 3 6
45 3 7
45 3 9
45 3 11
45 4 0
45 4 1
45 4 2
45 4 3
45 4 5
45 4 6
45 4 7
45 4 9
45 4 11
45 5 0
45 5 1
45 5 2
45 5 3
45 5 4
45 5 6
45 5 7
45 5 9
45 5 11
45 6 0
45 6 1
45 6 2
45 6 3
45 6 4
45 6 5
45 6 7
45 6 9
45 6 11
45 7 0
45 7 1
45 7 2
45 7 3
45 7 4
45 7 5
45 7 6
45 7 9
45 7 11
45 9 0
45 9 1
45 9 2
45 9 3
45 9 4
45 9 5
45 9 6
45 9 7
45 9 11
45 11 0
45 11 1
45 11 2
45 11 3
45 11 4
45 11 5
45 11 6
45 11 7
45 11 9
13 0 1
13 0 2
13 0 3
13 0 4
13 0 5
13 0 6
13 0 7
13 0 9
13 0 11
13 1 0
13 1 2
13 1 3
13 1 4
13 1 5
13 1 6
13 1 7
13 1 9
13 1 11
13 2 0
13 2 1
13 2 3
13 2 4
13 2 5
13 2 6
13 2 7
13 2 9
13 2 11
13 3 0
13 3 1
13 3 2
13 3 4
13 3 5
13 3 6
13 3 7
13 3 9
13 3 11
13 4 0
13 4 1
13 4 2
13 4 3
13 4 5
13 4 6
13 4 7
13 4 9
13 4 11
13 5 0
13 5 1
13 5 2
13 5 3
13 5 4
13 5 6
13 5 7
13 5 9
13 5 11
13 6 0
13 6 1
13 6 2
13 6 3
13 6 4
13 6 5
13 6 7
13 6 9
13 6 11
13 7 0
13 7 1
13 7 2
13 7 3
13 7 4
13 7 5
13 7 6
13 7 9
13 7 11
13 9 0
13 9 1
13 9 2
13 9 3
13 9 4
13 9 5
13 9 6
13 9 7
13 9 11
13 11 0
13 11 1
13 11 2
13 11 3
13 11 4
13 11 5
13 11 6
13 11 7
13 11 9
24 0 1
24 0 2
24 0 3
24 0 4
24 0 5
24 0 6
24 0 7
24 0 9
24 0 11
24 1 0
24 1 2
24 1 3
24 1 4
24 1 5
24 1 6
24 1 7
24 1 9
24 1 11
24 2 0
24 2 1
24 2 3
24 2 4
24 2 5
24 2 6
24 2 7
24 2 9
24 2 11
24 3 0
24 3 1
24 3 2
24 3 4
24 3 5
24 3 6
24 3 7
24 3 9
24 3 11
24 4 0
24 4 1
24 4 2
24 4 3
24 4 5
24 4 6
24 4 7
24 4 9
24 4 11
24 5 0
24 5 1
24 5 2
24 5 3
24 5 4
24 5 6
24 5 7
24 5 9
24 5 11
24 6 0
24 6 1
24 6 2
24 6 3
24 6 4
24 6 5
24 6 7
24 6 9
24 6 11
24 7 0
24 7 1
24 7 2
24 7 3
24 7 4
24 7 5
24 7 6
24 7 9
24 7 11
24 9 0
24 9 1
24 9 2
24 9 3
24 9 4
24 9 5
24 9 6
24 9 7
24 9 11
24 11 0
24 11 1
24 11 2
24 11 3
24 11 4
24 11 5
24 11 6
24 11 7
24 11 9
47 0 1
47 0 2
47 0 3
47 0 4
47 0 5
47 0 6
47 0 7
47 0 9
47 0 11
47 1 0
47 1 2
47 1 3
47 1 4
47 1 5
47 1 6
47 1 7
47 1 9
47 1 11
47 2 0
47 2 1
47 2 3
47 2 4
47 2 5
47 2 6
47 2 7
47 2 9
47 2 11
47 3 0
47 3 1
47 3 2
47 3 4
47 3 5
47 3 6
47 3 7
47 3 9
47 3 11
47 4 0
47 4 1
47 4 2
47 4 3
47 4 5
47 4 6
47 4 7
47 4 9
47 4 11
47 5 0
47 5 1
47 5 2
47 5 3
47 5 4
47 5 6
47 5 7
47 5 9
47 5 11
47 6 0
47 6 1
47 6 2
47 6 3
47 6 4
47 6 5
47 6 7
47 6 9
47 6 11
47 7 0
47 7 1
47 7 2
47 7 3
47 7 4
47 7 5
47 7 6
47 7 9
47 7 11
47 9 0
47 9 1
47 9 2
47 9 3
47 9 4
47 9 6
47 9 7
47 9 11
47 11 0
47 11 1
47 11 2
47 11 3
47 11 4
47 11 5
47 11 6
47 11 7
47 11 9
22 0 1
22 0 2
22 0 3
22 0 4
22 0 5
22 0 6
22 0 7
22 0 9
22 0 11
22 1 0
22 1 2
22 1 3
22 1 4
22 1 5
22 1 6
22 1 7
22 1 9
22 1 11
22 2 0
22 2 1
22 2 3
22 2 4
22 2 5
22 2 6
22 2 7
22 2 9
22 2 11
22 3 0
22 3 1
22 3 2
22 3 4
22 3 5
22 3 6
22 3 7
22 3 9
22 3 11
22 4 0
22 4 1
22 4 2
22 4 3
22 4 5
22 4 6
22 4 7
22 4 9
22 4 11
22 5 0
22 5 1
22 5 2
22 5 3
22 5 4
22 5 6
22 5 7
22 5 9
22 5 11
22 6 0
22 6 1
22 6 2
22 6 3
22 6 4
22 6 5
22 6 7
22 6 9
22 6 11
22 7 0
22 7 1
22 7 2
22 7 3
22 7 4
22 7 5
22 7 6
22 7 9
22 7 11
22 9 0
22 9 1
22 9 2
22 9 3
22 9 4
22 9 5
22 9 6
22 9 7
22 9 11
22 11 0
22 11 1
22 11 2
22 11 3
22 11 4
22 11 5
22 11 6
22 11 7
22 11 9
33 0 1
33 0 2
33 0 3
33 0 4
33 0 5
33 0 6
33 0 7
33 0 9
33 0 11
33 1 0
33 1 2
33 1 3
33 1 4
33 1 5
33 1 6
33 1 7
33 1 9
33 1 11
33 2 0
33 2 1
33 2 3
33 2 4
33 2 5
33 2 6
33 2 7
33 2 9
33 2 11
33 3 0
33 3 1
33 3 2
33 3 4
33 3 5
33 3 6
33 3 7
33 3 9
33 3 11
33 4 0
33 4 1
33 4 2
33 4 3
33 4 5
33 4 6
33 4 7
33 4 9
33 4 11
33 5 0
33 5 1
33 5 2
33 5 3
33 5 4
33 5 6
33 5 7
33 5 9
33 5 11
33 6 0
33 6 1
33 6 2
33 6 3
33 6 4
33 6 5
33 6 7
33 6 9
33 6 11
33 7 0
33 7 1
33 7 2
33 7 3
33 7 4
33 7 5
33 7 6
33 7 9
33 7 11
33 9 0
33 9 1
33 9 2
33 9 3
33 9 4
33 9 5
33 9 6
33 9 7
33 9 11
33 11 0
33 11 1
33 11 2
33 11 3
33 11 4
33 11 5
33 11 6
33 11 7
33 11 9
49 0 1
49 0 2
49 0 3
49 0 4
49 0 5
49 0 6
49 0 7
49 0 9
49 0 11
49 1 0
49 1 2
49 1 3
49 1 4
49 1 5
49 1 6
49 1 7
49 1 9
49 1 11
49 2 0
49 2 1
49 2 3
49 2 4
49 2 5
49 2 6
49 2 7
49 2 9
49 2 11
49 3 0
49 3 1
49 3 2
49 3 4
49 3 5
49 3 6
49 3 7
49 3 9
49 3 11
49 4 0
49 4 1
49 4 2
49 4 3
49 4 5
49 4 6
49 4 7
49 4 9
49 4 11
49 5 0
49 5 1
49 5 2
49 5 3
49 5 4
49 5 6
49 5 7
49 5 9
49 5 11
49 6 0
49 6 1
49 6 2
49 6 3
49 6 4
49 6 5
49 6 7
49 6 9
49 6 11
49 7 0
49 7 1
49 7 2
49 7 3
49 7 4
49 7 5
49 7 6
49 7 9
49 7 11
49 9 0
49 9 1
49 9 2
49 9 3
49 9 4
49 9 5
49 9 6
49 9 7
49 9 11
49 11 0
49 11 1
49 11 2
49 11 3
49 11 4
49 11 5
49 11 6
49 11 7
49 11 9
31 0 1
31 0 2
31 0 3
31 0 4
31 0 5
31 0 6
31 0 7
31 0 9
31 0 11
31 1 0
31 1 2
31 1 3
31 1 4
31 1 5
31 1 6
31 1 7
31 1 9
31 1 11
31 2 0
31 2 1
31 2 3
31 2 4
31 2 5
31 2 6
31 2 7
31 2 9
31 2 11
31 3 0
31 3 1
31 3 2
31 3 4
31 3 5
31 3 6
31 3 7
31 3 9
31 3 11
31 4 0
31 4 1
31 4 2
31 4 3
31 4 5
31 4 6
31 4 7
31 4 9
31 4 11
31 5 0
31 5 1
31 5 2
31 5 3
31 5 4
31 5 6
31 5 7
31 5 9
31 5 11
31 6 0
31 6 1
31 6 2
31 6 3
31 6 4
31 6 5
31 6 7
31 6 9
31 6 11
31 7 0
31 7 1
31 7 2
31 7 3
31 7 4
31 7 5
31 7 6
31 7 9
31 7 11
31 9 0
31 9 1
31 9 2
31 9 3
31 9 4
31 9 5
31 9 6
31 9 7
31 9 11
31 11 0
31 11 1
31 11 2
31 11 3
31 11 4
31 11 5
31 11 6
31 11 7
31 11 9
42 0 1
42 0 2
42 0 3
42 0 4
42 0 5
42 0 6
42 0 7
42 0 9
42 0 11
42 1 0
42 1 2
42 1 3
42 1 4
42 1 5
42 1 6
42 1 7
42 1 9
42 1 11
42 2 0
42 2 1
42 2 3
42 2 4
42 2 5
42 2 6
42 2 7
42 2 9
42 2 11
42 3 0
42 3 1
42 3 2
42 3 4
42 3 5
42 3 6
42 3 7
42 3 9
42 3 11
42 4 0
42 4 1
42 4 2
42 4 3
42 4 5
42 4 6
42 4 7
42 4 9
42 4 11
42 5 0
42 5 1
42 5 2
42 5 3
42 5 4
42 5 6
42 5 7
42 5 9
42 5 11
42 6 0
42 6 1
42 6 2
42 6 3
42 6 4
42 6 5
42 6 7
42 6 9
42 6 11
42 7 0
42 7 1
42 7 2
42 7 3
42 7 4
42 7 5
42 7 6
42 7 9
42 7 11
42 9 0
42 9 1
42 9 2
42 9 3
42 9 4
42 9 5
42 9 6
42 9 7
42 9 11
42 11 0
42 11 1
42 11 2
42 11 3
42 11 4
42 11 5
42 11 6
42 11 7
42 11 9
51 0 1
51 0 2
51 0 3
51 0 4
51 0 5
51 0 6
51 0 7
51 0 9
51 0 11
51 1 0
51 1 2
51 1 3
51 1 4
51 1 5
51 1 6
51 1 7
51 1 9
51 1 11
51 2 0
51 2 1
51 2 3
51 2 4
51 2 5
51 2 6
51 2 7
51 2 9
51 2 11
51 3 0
51 3 1
51 3 2
51 3 4
51 3 5
51 3 6
51 3 7
51 3 9
51 3 11
51 4 0
51 4 1
51 4 2
51 4 3
51 4 5
51 4 6
51 4 7
51 4 9
51 4 11
51 5 0
51 5 1
51 5 2
51 5 3
51 5 4
51 5 6
51 5 7
51 5 9
51 5 11
51 6 0
51 6 1
51 6 2
51 6 3
51 6 4
51 6 5
51 6 7
51 6 9
51 6 11
51 7 0
51 7 1
51 7 2
51 7 3
51 7 4
51 7 5
51 7 6
51 7 9
51 7 11
51 9 0
51 9 1
51 9 2
51 9 3
51 9 4
51 9 5
51 9 6
51 9 7
51 9 11
51 11 0
51 11 1
51 11 2
51 11 3
51 11 4
51 11 5
51 11 6
51 11 7
51 11 9
40 0 1
40 0 2
40 0 3
40 0 4
40 0 5
40 0 6
40 0 7
40 0 9
40 0 11
40 1 0
40 1 2
40 1 3
40 1 4
40 1 5
40 1 6
40 1 7
40 1 9
40 1 11
40 2 0
40 2 1
40 2 3
40 2 4
40 2 5
40 2 6
40 2 7
40 2 9
40 2 11
40 3 0
40 3 1
40 3 2
40 3 4
40 3 5
40 3 6
40 3 7
40 3 9
40 3 11
40 4 0
40 4 1
40 4 2
40 4 3
40 4 5
40 4 6
40 4 7
40 4 9
40 4 11
40 5 0
40 5 1
40 5 2
40 5 3
40 5 4
40 5 6
40 5 7
40 5 9
40 5 11
40 6 0
40 6 1
40 6 2
40 6 3
40 6 4
40 6 5
40 6 7
40 6 9
40 6 11
40 7 0
40 7 1
40 7 2
40 7 3
40 7 4
40 7 5
40 7 6
40 7 9
40 7 11
40 9 0
40 9 1
40 9 2
40 9 3
40 9 4
40 9 5
40 9 6
40 9 7
40 9 11
40 11 0
40 11 1
40 11 2
40 11 3
40 11 4
40 11 5
40 11 6
40 11 7
40 11 9
15 0 1
15 0 2
15 0 3
15 0 4
15 0 5
15 0 6
15 0 7
15 0 9
15 0 11
15 1 0
15 1 2
15 1 3
15 1 4
15 1 5
15 1 6
15 1 7
15 1 9
15 1 11
15 2 0
15 2 1
15 2 3
15 2 4
15 2 5
15 2 6
15 2 7
15 2 9
15 2 11
15 3 0
15 3 1
15 3 2
15 3 4
15 3 5
15 3 6
15 3 7
15 3 9
15 3 11
15 4 0
15 4 1
15 4 2
15 4 3
15 4 5
15 4 6
15 4 7
15 4 9
15 4 11
15 5 0
15 5 1
15 5 2
15 5 3
15 5 4
15 5 6
15 5 7
15 5 9
15 5 11
15 6 0
15 6 1
15 6 2
15 6 3
15 6 4
15 6 5
15 6 7
15 6 9
15 6 11
15 7 0
15 7 1
15 7 2
15 7 3
15 7 4
15 7 5
15 7 6
15 7 9
15 7 11
15 9 0
15 9 1
15 9 2
15 9 3
15 9 4
15 9 5
15 9 6
15 9 7
15 9 11
15 11 0
15 11 1
15 11 2
15 11 3
15 11 4
15 11 5
15 11 6
15 11 7
15 11 9