0 0 1
0 0 2
0 0 3
0 0 5
0 0 6
0 0 9
0 1 0
0 1 2
0 1 3
0 1 5
0 1 6
0 1 9
0 2 0
0 2 1
0 2 3
0 2 5
0 2 6
0 2 9
0 3 0
0 3 1
0 3 2
0 3 5
0 3 6
0 3 9
0 5 0
0 5 1
0 5 2
0 5 3
0 5 6
0 5 9
0 6 0
0 6 1
0 6 2
0 6 3
0 6 5
0 6 9
0 9 0
0 9 1
0 9 2
0 9 3
0 9 5
0 9 6
9 0 1
9 0 2
9 0 3
9 0 5
9 0 6
9 0 9
9 1 0
9 1 2
9 1 3
9 1 5
9 1 6
9 1 9
9 2 0
9 2 1
9 2 3
9 2 5
9 2 6
9 2 9
9 3 0
9 3 1
9 3 2
9 3 5
9 3 6
9 3 9
9 5 0
9 5 1
9 5 2
9 5 3
9 5 6
9 5 9
9 6 0
9 6 1
9 6 2
9 6 3
9 6 5
9 6 9
9 9 0
9 9 1
9 9 2
9 9 3
9 9 5
9 9 6
38 0 1
38 0 2
38 0 3
38 0 5
38 0 6
38 0 9
38 1 0
38 1 2
38 1 3
38 1 5
38 1 6
38 1 9
38 2 0
38 2 1
38 2 3
38 2 5
38 2 6
38 2 9
38 3 0
38 3 1
38 3 2
38 3 5
38 3 6
38 3 9
38 5 0
38 5 1
38 5 2
38 5 3
38 5 6
38 5 9
38 6 0
38 6 1
38 6 2
38 6 3
38 6 5
38 6 9
38 9 0
38 9 1
38 9 2
38 9 3
38 9 5
38 9 6
2 0 1
2 0 2
2 0 3
2 0 5
2 0 6
2 0 9
2 1 0
2 1 2
2 1 3
2 1 5
2 1 6
2 1 9
2 2 0
2 2 1
2 2 3
2 2 5
2 2 6
2 2 9
2 3 0
2 3 1
2 3 2
2 3 5
2 3 6
2 3 9
2 5 0
2 5 1
2 5 2
2 5 3
2 5 6
2 5 9
2 6 0
2 6 1
2 6 2
2 6 3
2 6 5
2 6 9
2 9 0
2 9 1
2 9 2
2 9 3
2 9 5
2 9 6
36 0 1
36 0 2
36 0 3
36 0 5
36 0 6
36 0 9
36 1 0
36 1 2
36 1 3
36 1 5
36 1 6
36 1 9
36 2 0
36 2 1
36 2 3
36 2 5
36 2 6
36 2 9
36 3 0
36 3 1
36 3 2
36 3 5
36 3 6
36 3 9
36 5 0
36 5 1
36 5 2
36 5 3
36 5 6
36 5 9
36 6 0
36 6 1
36 6 2
36 6 3
36 6 5
36 6 9
36 9 0
36 9 1
36 9 2
36 9 3
36 9 5
36 9 6
29 0 1
29 0 2
29 0 3
29 0 5
29 0 6
29 0 9
29 1 0
29 1 2
29 1 3
29 1 5
29 1 6
29 1 9
29 2 0
29 2 1
29 2 3
29 2 5
29 2 6
29 2 9
29 3 0
29 3 1
29 3 2
29 3 5
29 3 6
29 3 9
29 5 0
29 5 1
29 5 2
29 5 3
29 5 6
29 5 9
29 6 0
29 6 1
29 6 2
29 6 3
29 6 5
29 6 9
29 9 0
29 9 1
29 9 2
29 9 3
29 9 5
29 9 6
4 0 1
4 0 2
4 0 3
4 0 5
4 0 6
4 0 9
4 1 0
4 1 2
4 1 3
4 1 5
4 1 6
4 1 9
4 2 0
4 2 1
4 2 3
4 2 5
4 2 6
4 2 9
4 3 0
4 3 1
4 3 2
4 3 5
4 3 6
4 3 9
4 5 0
4 5 1
4 5 2
4 5 3
4 5 6
4 5 9
4 6 0
4 6 1
4 6 2
4 6 3
4 6 5
4 6 9
4 9 0
4 9 1
4 9 2
4 9 3
4 9 5
4 9 6
27 0 1
27 0 2
27 0 3
27 0 5
27 0 6
27 0 9
27 1 0
27 1 2
27 1 3
27 1 5
27 1 6
27 1 9
27 2 0
27 2 1
27 2 3
27 2 5
27 2 6
27 2 9
27 3 0
27 3 1
27 3 2
27 3 5
27 3 6
27 3 9
27 5 0
27 5 1
27 5 2
27 5 3
27 5 6
27 5 9
27 6 0
27 6 1
27 6 2
27 6 3
27 6 5
27 6 9
27 9 0
27 9 1
27 9 2
27 9 3
27 9 5
27 9 6
20 0 1
20 0 2
20 0 3
20 0 5
20 0 6
20 0 9
20 1 0
20 1 2
20 1 3
20 1 5
20 1 6
20 1 9
20 2 0
20 2 1
20 2 3
20 2 5
20 2 6
20 2 9
20 3 0
20 3 1
20 3 2
20 3 5
20 3 6
20 3 9
20 5 0
20 5 1
20 5 2
20 5 3
20 5 6
20 5 9
20 6 0
20 6 1
20 6 2
20 6 3
20 6 5
20 6 9
20 9 0
20 9 1
20 9 2
20 9 3
20 9 5
20 9 6
6 0 1
6 0 2
6 0 3
6 0 5
6 0 6
6 0 9
6 1 0
6 1 2
6 1 3
6 1 5
6 1 6
6 1 9
6 2 0
6 2 1
6 2 3
6 2 5
6 2 6
6 2 9
6 3 0
6 3 1
6 3 2
6 3 5
6 3 6
6 3 9
6 5 0
6 5 1
6 5 2
6 5 3
6 5 6
6 5 9
6 6 0
6 6 1
6 6 2
6 6 3
6 6 5
6 6 9
6 9 0
6 9 1
6 9 2
6 9 3
6 9 5
6 9 6
18 0 1
18 0 2
18 0 3
18 0 5
18 0 6
18 0 9
18 1 0
18 1 2
18 1 3
18 1 5
18 1 6
18 1 9
18 2 0
18 2 1
18 2 3
18 2 5
18 2 6
18 2 9
18 3 0
18 3 1
18 3 2
18 3 5
18 3 6
18 3 9
18 5 0
18 5 1
18 5 2
18 5 3
18 5 6
18 5 9
18 6 0
18 6 1
18 6 2
18 6 3
18 6 5
18 6 9
18 9 0
18 9 1
18 9 2
18 9 3
18 9 5
18 9 6
11 0 1
11 0 2
11 0 3
11 0 5
11 0 6
11 0 9
11 1 0
11 1 2
11 1 3
11 1 5
11 1 6
11 1 9
11 2 0
11 2 1
11 2 3
11 2 5
11 2 6
11 2 9
11 3 0
11 3 1
11 3 2
11 3 5
11 3 6
11 3 9
11 5 0
11 5 1
11 5 2
11 5 3
11 5 6
11 5 9
11 6 0
11 6 1
11 6 2
11 6 3
11 6 5
11 6 9
11 9 0
11 9 1
11 9 2
11 9 3
11 9 5
11 9 6
47 0 1
47 0 2
47 0 3
47 0 5
47 0 6
47 0 9
47 1 0
47 1 2
47 1 3
47 1 5
47 1 6
47 1 9
47 2 0
47 2 1
47 2 3
47 2 5
47 2 6
47 2 9
47 3 0
47 3 1
47 3 2
47 3 5
47 3 6
47 3 9
47 5 0
47 5 1
47 5 2
47 5 3
47 5 6
47 5 9
47 6 0
47 6 1
47 6 2
47 6 3
47 6 5
47 6 9
47 9 0
47 9 1
47 9 2
47 9 3
47 9 5
47 9 6
22 0 1
22 0 2
22 0 3
22 0 5
22 0 6
22 0 9
22 1 0
22 1 2
22 1 3
22 1 5
22 1 6
22 1 9
22 2 0
22 2 1
22 2 3
22 2 5
22 2 6
22 2 9
22 3 0
22 3 1
22 3 2
22 3 5
22 3 6
22 3 9
22 5 0
22 5 1
22 5 2
22 5 3
22 5 6
22 5 9
22 6 0
22 6 1
22 6 2
22 6 3
22 6 5
22 6 9
22 9 0
22 9 1
22 9 2
22 9 3
22 9 5
22 9 6
33 0 1
33 0 2
33 0 3
33 0 5
33 0 6
33 0 9
33 1 0
33 1 2
33 1 3
33 1 5
33 1 6
33 1 9
33 2 0
33 2 1
33 2 3
33 2 5
33 2 6
33 2 9
33 3 0
33 3 1
33 3 2
33 3 5
33 3 6
33 3 9
33 5 0
33 5 1
33 5 2
33 5 3
33 5 6
33 5 9
33 6 0
33 6 1
33 6 2
33 6 3
33 6 5
33 6 9
33 9 0
33 9 1
33 9 2
33 9 3
33 9 5
33 9 6
49 0 1
49 0 2
49 0 3
49 0 5
49 0 6
49 0 9
49 1 0
49 1 2
49 1 3
49 1 5
49 1 6
49 1 9
49 2 0
49 2 1
49 2 3
49 2 5
49 2 6
49 2 9
49 3 0
49 3 1
49 3 2
49 3 5
49 3 6
49 3 9
49 5 0
49 5 1
49 5 2
49 5 3
49 5 6
49 5 9
49 6 0
49 6 1
49 6 2
49 6 3
49 6 5
49 6 9
49 9 0
49 9 1
49 9 2
49 9 3
49 9 5
31 0 1
31 0 2
31 0 3
31 0 5
31 0 6
31 0 9
31 1 0
31 1 2
31 1 3
31 1 5
31 1 6
31 1 9
31 2 0
31 2 1
31 2 3
31 2 5
31 2 6
31 2 9
31 3 0
31 3 1
31 3 2
31 3 5
31 3 6
31 3 9
31 5 0
31 5 1
31 5 2
31 5 3
31 5 6
31 5 9
31 6 0
31 6 1
31 6 2
31 6 3
31 6 5
31 6 9
31 9 0
31 9 1
31 9 2
31 9 3
31 9 5
31 9 6
42 0 1
42 0 2
42 0 3
42 0 5
42 0 6
42 0 9
42 1 0
42 1 2
42 1 3
42 1 5
42 1 6
42 1 9
42 2 0
42 2 1
42 2 3
42 2 5
42 2 6
42 2 9
42 3 0
42 3 1
42 3 2
42 3 5
42 3 6
42 3 9
42 5 0
42 5 1
42 5 2
42 5 3
42 5 6
42 5 9
42 6 0
42 6 1
42 6 2
42 6 3
42 6 5
42 6 9
42 9 0
42 9 1
42 9 2
42 9 3
42 9 5
42 9 6