0 0
0 1
0 2
0 3
0 5
0 6
0 7
9 0
9 1
9 2
9 3
9 5
9 6
9 7
38 0
38 1
38 2
38 3
38 5
38 6
38 7
2 0
2 1
2 2
2 3
2 5
2 6
2 7
36 0
36 1
36 2
36 3
36 5
36 6
36 7
29 0
29 1
29 2
29 3
29 5
29 6
29 7
4 0
4 1
4 2
4 3
4 5
4 6
4 7
27 0
27 1
27 2
27 3
27 5
27 6
27 7
20 0
20 1
20 2
20 3
20 5
20 6
20 7
6 0
6 1
6 2
6 3
6 5
6 6
6 7
18 0
18 1
18 2
18 3
18 5
18 6
18 7
11 0
11 1
11 2
11 3
11 5
11 6
11 7
47 0
47 1
47 2
47 3
47 5
47 6
47 7
22 0
22 1
22 2
22 3
22 5
22 6
22 7
33 0
33 1
33 2
33 3
33 5
33 6
33 7
51 0
51 1
51 2
51 3
51 5
51 6
40 0
40 1
40 2
40 3
40 5
40 6
40 7
15 0
15 1
15 2
15 3
15 5
15 6
15 7
49 0
49 1
49 2
49 3
49 5
49 6
49 7
31 0
31 1
31 2
31 3
31 5
31 6
31 7
42 0
42 1
42 2
42 3
42 5
42 6
42 7
0 9
9 9
38 9
2 9
36 9
29 9
4 9
27 9
20 9
6 9
18 9
11 9
51 9
40 9
15 9
47 9
22 9
33 9
49 9
31 9
42 9